2
18 
430 302 
6
102 
76 76 
268 153 185 
492 480 112 405 
286 436 126 25 391 
390 32 399 76 29 174 
7
91 
459 270 
11 368 181 
237 173 206 261 
56 101 341 153 381 
252 58 37 80 397 446 
85 363 223 414 499 170 164 
40
273 
182 196 
241 362 39 
127 429 82 180 
420 408 71 354 178 
184 163 188 163 16 365 
6 267 41 109 80 387 128 
355 460 5 63 201 54 272 438 
239 393 117 227 64 204 145 73 95 
383 111 13 491 7 382 431 481 464 260 
3 483 130 179 6 267 360 353 59 282 174 
499 252 199 41 154 326 23 345 313 96 338 18 
71 93 326 500 14 484 421 486 450 18 137 247 36 
3 71 120 459 309 208 433 184 214 280 170 110 372 205 
130 368 420 260 60 184 433 100 387 410 179 408 252 149 164 
416 34 319 318 184 194 443 400 375 88 44 335 258 250 265 333 
330 284 259 381 445 274 472 304 285 443 366 80 343 351 246 43 187 
235 483 33 145 28 425 372 20 46 130 253 467 292 163 27 36 123 330 
50 285 275 313 54 2 5 3 395 362 22 487 327 470 128 385 66 328 68 
13 210 182 165 159 418 181 117 356 97 189 34 288 241 335 459 133 360 442 448 
421 484 81 240 361 107 354 443 92 27 263 445 247 189 25 98 78 295 45 71 469 
100 288 350 409 88 17 406 282 410 154 433 99 94 379 280 208 251 413 97 157 106 451 
412 159 29 61 16 460 252 303 232 312 354 370 450 59 76 428 416 178 434 232 272 202 43 
166 255 260 480 457 469 395 104 416 19 457 347 99 401 24 269 179 467 398 307 329 259 71 213 
67 410 431 83 226 5 441 214 200 262 470 285 70 80 443 1 206 371 361 467 318 34 411 142 157 
36 447 242 179 325 327 203 453 218 52 138 447 451 48 150 118 390 60 495 202 226 301 157 436 385 155 
475 366 358 381 75 260 35 496 79 375 236 391 438 305 298 264 117 236 83 141 24 35 373 127 385 435 286 
264 264 280 232 264 162 120 62 429 212 85 44 35 242 486 379 430 58 336 369 229 471 151 56 301 84 205 17 
56 47 304 273 84 222 144 68 282 209 131 418 367 337 128 119 13 33 171 427 37 499 294 87 302 281 358 359 207 
499 286 73 185 342 206 87 334 63 148 261 366 442 127 370 376 85 68 229 275 121 2 163 164 313 307 88 119 478 473 
104 320 11 283 237 239 13 384 103 330 411 146 51 412 497 256 29 168 382 351 180 339 236 115 260 381 103 202 9 307 171 
178 394 427 197 336 233 211 332 126 490 19 81 332 155 17 260 383 87 178 442 163 310 291 285 127 266 259 311 108 248 412 259 
139 154 234 440 232 34 411 464 396 391 134 163 311 59 227 298 423 62 259 206 473 402 245 409 437 301 284 91 29 135 373 186 439 
88 369 454 185 406 165 61 190 136 194 199 231 153 187 208 380 324 306 375 352 17 483 415 409 336 272 156 73 37 106 97 3 340 41 
314 361 7 371 114 313 71 331 150 448 304 18 212 35 354 388 131 118 401 399 367 236 347 196 211 284 302 323 460 61 249 294 299 329 300 
379 243 61 276 171 288 149 364 290 2 71 427 308 415 109 459 87 482 64 128 440 178 125 310 324 261 195 83 131 139 72 1 152 56 232 496 
175 1 248 385 481 97 4 192 171 143 266 212 29 492 424 357 419 306 237 169 417 266 69 92 328 464 364 426 61 222 496 447 442 105 251 352 425 
357 106 309 120 214 273 459 111 407 409 391 93 339 472 80 366 343 181 66 114 431 447 160 328 485 24 197 478 232 290 419 104 34 130 237 248 322 182 
120 168 254 408 365 27 268 222 25 23 111 281 281 149 477 338 105 64 372 148 181 167 114 75 284 76 149 323 441 270 398 492 447 276 310 406 292 193 471 
470 450 60 438 440 303 464 348 85 27 40 163 120 272 370 147 164 354 135 406 301 389 111 65 252 264 194 157 303 196 46 347 118 206 165 480 419 50 92 145 
39
325 
246 495 
61 298 354 
110 207 197 128 
24 305 412 366 121 
370 468 456 138 129 332 
363 419 160 77 135 163 232 
46 172 96 250 39 221 463 138 
58 124 149 498 385 90 351 14 123 
380 128 262 201 441 386 226 449 163 421 
121 335 260 200 117 173 249 472 208 385 273 
291 48 293 24 18 113 226 291 320 452 338 385 
43 28 405 413 448 369 483 451 447 248 373 133 9 
273 393 118 131 2 483 438 16 338 202 33 151 198 245 
194 458 191 444 160 139 443 187 24 477 394 33 226 395 203 
365 282 9 153 450 404 80 160 322 207 49 159 306 247 282 343 
84 39 209 256 94 17 270 36 11 57 392 34 92 185 59 268 197 
280 333 416 189 202 302 17 484 354 19 274 61 51 376 161 125 173 346 
122 135 286 297 275 5 66 85 452 440 23 36 260 492 385 92 42 322 417 
479 378 283 430 173 36 482 157 245 448 115 466 449 157 109 284 439 100 401 302 
193 232 292 21 470 438 90 106 330 147 489 128 73 375 470 47 411 435 247 208 93 
244 14 117 88 417 242 97 174 66 336 5 483 326 433 362 453 340 75 444 276 32 469 
20 225 500 129 205 494 110 113 197 164 392 58 346 245 87 214 373 493 462 21 59 52 139 
374 11 216 296 175 253 166 152 223 121 48 281 92 84 414 13 439 275 73 33 36 241 264 14 
402 235 240 168 147 192 115 90 113 176 53 227 175 146 294 83 343 285 76 389 168 180 145 369 83 
307 114 299 78 462 224 447 262 20 198 116 52 357 388 259 376 328 247 29 181 160 11 77 72 439 498 
357 19 221 473 69 426 148 374 202 110 477 57 308 342 271 424 198 351 24 248 195 131 423 493 382 91 457 
306 35 55 337 53 149 303 224 82 497 223 463 476 353 239 42 24 435 413 413 127 181 357 14 330 321 127 66 
297 41 464 247 145 328 131 456 231 249 271 11 127 70 275 139 266 306 117 213 136 239 344 125 381 462 408 71 263 
453 468 21 425 311 336 493 131 449 177 107 135 365 279 43 76 499 434 369 18 55 116 362 146 445 258 156 359 141 170 
287 282 359 74 483 122 56 204 134 229 452 141 50 444 92 151 412 326 48 107 88 173 461 29 409 73 491 360 282 373 62 
214 274 239 40 232 273 156 428 294 104 302 467 159 315 344 195 208 367 232 477 123 377 111 147 358 114 409 216 398 350 247 196 
308 73 87 235 35 326 440 99 400 441 79 313 386 215 449 438 148 134 475 147 90 128 300 263 9 254 47 253 108 28 357 288 84 
362 105 264 406 419 75 244 460 375 471 427 95 140 57 144 193 366 338 232 299 264 472 107 157 427 494 107 37 81 331 230 282 466 162 
300 402 303 480 440 96 185 262 99 97 126 222 107 189 419 321 307 183 173 483 288 166 362 54 499 54 201 140 106 206 458 105 394 327 243 
190 311 95 439 25 431 173 400 329 221 70 218 409 401 278 212 221 190 188 407 260 80 326 423 130 80 349 348 447 478 341 238 17 293 53 104 
439 375 31 219 490 471 276 305 429 100 71 105 289 152 215 111 212 375 42 487 400 227 153 382 326 340 459 205 376 333 323 294 137 157 270 375 321 
233 173 166 422 247 359 267 445 244 259 44 261 87 102 246 385 176 132 322 213 221 138 251 185 228 443 384 98 355 435 235 106 446 58 195 394 422 62 
435 307 372 77 251 159 244 401 256 14 303 65 434 437 312 489 261 94 338 459 98 146 436 14 215 245 236 188 90 180 218 7 104 473 137 132 17 51 486 
24
212 
79 252 
404 12 24 
153 341 407 185 
215 198 248 366 341 
414 376 421 453 94 329 
290 210 307 126 457 246 104 
328 336 357 39 35 297 495 430 
258 242 284 430 80 256 207 344 10 
81 144 112 153 76 338 340 394 20 210 
145 139 20 41 229 330 62 298 105 240 302 
47 89 290 390 202 287 456 428 137 177 468 164 
19 368 271 428 470 302 295 202 66 435 420 158 304 
443 413 450 324 487 256 58 429 295 266 240 70 297 480 
173 74 493 250 478 462 94 474 419 323 36 66 150 299 218 
236 491 480 42 95 295 56 25 26 239 337 255 193 489 329 208 
16 119 322 101 24 247 167 273 457 51 27 486 266 5 340 425 33 
375 361 111 494 42 101 62 319 72 390 21 474 64 465 276 327 342 93 
51 234 112 176 253 305 41 447 317 278 437 385 14 195 486 346 169 284 310 
379 431 6 421 170 257 471 446 424 436 337 21 182 337 344 185 128 260 477 425 
135 379 332 477 131 178 63 199 29 419 147 367 42 436 160 53 159 371 139 306 493 
424 200 474 343 470 342 348 176 220 413 471 423 326 419 18 397 141 468 296 124 479 449 
206 242 344 473 478 478 91 333 140 365 482 105 68 66 250 84 131 394 109 227 459 250 485 
179 491 99 66 463 71 156 465 489 490 460 28 84 446 227 386 231 129 379 280 499 254 175 137 
25
327 
24 396 
87 418 383 
245 276 276 341 
168 261 61 379 85 
32 40 425 458 36 120 
66 243 418 342 226 195 464 
143 61 138 258 150 344 329 261 
422 348 138 303 177 407 309 242 160 
213 162 19 267 300 104 359 109 149 59 
36 359 200 32 301 370 32 235 400 75 239 
173 166 42 143 439 138 94 421 10 122 132 161 
402 333 235 88 99 110 169 486 119 471 369 140 198 
372 445 241 218 276 394 489 364 252 250 375 101 467 162 
252 66 181 450 113 447 387 131 337 442 225 180 25 217 87 
472 13 193 344 83 108 398 285 43 326 284 14 463 482 492 358 
473 10 113 259 46 253 291 281 59 247 158 149 237 273 246 276 100 
197 86 290 361 163 162 209 331 438 436 273 341 348 392 345 327 160 216 
93 191 386 424 87 415 490 225 345 244 411 341 473 269 323 412 137 294 239 
222 482 92 81 205 43 100 414 409 454 116 227 470 410 134 483 195 241 491 274 
494 322 411 78 128 220 136 323 207 105 88 350 469 49 284 179 53 375 139 463 122 
254 17 465 76 294 14 329 76 402 223 231 98 46 288 363 282 142 363 405 216 454 73 
136 13 2 406 68 264 277 311 436 261 345 37 172 185 437 37 160 411 72 464 233 180 243 
272 297 98 266 372 281 378 69 373 1 324 368 402 44 292 366 432 65 492 327 167 454 346 236 
124 87 376 80 137 461 105 285 34 481 346 39 378 159 254 333 353 407 160 5 373 147 388 340 433 
21
453 
251 429 
197 334 458 
426 238 379 469 
437 229 415 426 379 
398 248 312 73 415 207 
382 437 397 55 99 113 193 
417 198 331 109 242 438 278 283 
45 256 357 239 227 166 454 70 349 
324 419 213 421 174 449 305 398 256 29 
317 130 91 432 359 357 153 409 356 304 112 
463 478 236 100 438 71 406 494 36 332 244 266 
229 497 330 305 298 117 70 300 488 127 173 188 161 
455 284 323 165 58 72 417 482 80 214 472 484 152 450 
58 373 67 195 200 474 163 101 1 285 160 203 313 59 308 
32 40 483 90 285 39 204 225 48 365 89 19 268 7 369 214 
193 438 390 404 203 463 214 215 159 369 4 40 258 339 261 415 103 
297 181 245 376 53 429 322 157 127 171 274 25 306 450 136 345 206 404 
57 83 486 124 480 272 490 397 394 486 319 179 53 290 484 356 26 486 246 
294 372 326 332 247 401 273 107 78 239 63 233 362 251 155 445 253 258 396 304 
91 330 336 60 65 126 396 369 117 378 34 240 264 324 189 224 55 19 101 256 351 
14
203 
340 80 
3 108 316 
393 374 418 147 
134 340 15 298 338 
245 27 84 93 286 488 
25 162 61 369 327 355 494 
200 405 362 422 481 383 354 367 
117 296 283 328 420 239 327 429 407 
149 495 362 249 376 122 316 221 17 229 
265 330 360 417 317 399 244 438 254 105 366 
252 329 219 240 80 187 240 207 32 187 149 22 
80 319 12 206 246 366 80 90 265 268 219 216 239 
296 281 127 180 231 199 309 155 115 121 116 8 412 380 
12
331 
219 148 
68 101 149 
374 342 296 298 
170 94 50 219 217 
151 79 95 314 417 36 
73 199 491 157 303 119 421 
386 250 278 418 23 290 117 223 
9 478 124 96 432 82 290 405 407 
421 381 53 191 170 251 379 113 79 245 
193 132 199 158 70 119 458 355 149 211 114 
455 272 476 354 450 23 171 412 85 329 65 167 
33
114 
150 112 
35 55 460 
445 24 107 299 
17 437 199 22 255 
208 232 221 249 34 366 
496 132 180 469 59 298 461 
372 323 257 318 409 192 447 95 
19 5 448 450 209 398 63 425 124 
317 162 379 308 281 65 447 33 459 193 
118 108 106 314 53 401 206 178 244 419 210 
370 270 315 315 428 413 450 189 391 453 434 254 
294 437 297 53 156 393 161 265 204 260 448 299 194 
354 360 438 382 35 384 230 201 496 141 187 120 466 243 
181 148 33 276 205 408 14 339 15 84 237 79 80 34 162 
15 266 213 167 350 422 110 291 136 226 429 422 307 89 308 46 
340 204 89 294 482 183 367 373 270 157 235 110 38 334 339 60 303 
195 114 101 46 159 458 344 414 144 20 111 328 172 362 267 189 312 204 
43 149 488 120 460 345 93 79 165 90 251 318 121 478 486 207 482 80 477 
309 13 215 122 455 200 409 217 51 322 334 408 236 193 420 28 486 106 297 98 
62 40 72 65 35 303 2 163 67 481 225 275 288 416 363 327 250 140 456 180 89 
278 198 424 229 35 63 98 46 254 306 36 439 186 367 194 499 244 107 167 266 147 275 
346 298 219 374 168 405 172 275 412 412 389 470 268 63 97 490 467 360 142 44 244 494 260 
427 82 381 65 67 313 136 499 388 426 472 192 396 447 8 218 165 358 179 118 202 260 361 20 
254 454 27 400 227 420 6 136 500 331 331 442 60 373 128 482 24 342 297 477 32 422 452 437 271 
50 263 101 214 9 449 159 302 204 23 61 350 150 449 498 75 3 366 307 107 231 268 335 193 303 174 
87 243 119 339 130 152 247 8 493 437 401 30 99 358 121 341 393 434 133 82 149 163 210 332 104 372 251 
403 6 57 149 186 474 481 392 98 8 308 118 476 400 377 114 396 319 211 237 293 80 43 117 221 181 40 429 
81 225 459 277 105 300 471 375 302 486 162 196 250 412 111 415 382 224 288 455 231 288 216 447 322 178 108 266 426 
331 362 112 8 22 355 50 258 416 256 306 198 179 2 455 265 416 302 337 276 418 66 244 91 172 377 235 333 231 403 
488 432 362 110 251 62 163 482 344 294 59 283 94 101 329 412 282 400 239 392 97 202 6 245 289 108 294 178 191 469 51 
146 11 229 118 147 201 326 139 146 473 81 252 8 366 111 355 297 299 44 270 133 374 297 132 159 267 298 323 436 345 23 453 
410 496 116 328 406 163 465 324 175 324 495 315 27 443 97 371 353 380 259 116 281 9 237 460 318 216 185 430 330 490 34 179 271 
34
1 
168 241 
160 74 304 
387 113 405 401 
444 368 11 12 288 
112 347 18 185 198 413 
134 404 294 214 76 28 297 
259 395 292 328 52 408 358 142 
378 29 208 397 21 449 396 139 76 
245 285 439 374 475 428 369 85 34 313 
344 143 415 286 455 109 295 278 253 361 143 
368 58 108 285 251 130 36 184 422 117 360 295 
129 293 98 143 427 265 318 260 327 150 473 278 181 
124 89 477 134 298 372 54 104 439 433 341 96 470 162 
141 51 333 108 155 480 82 446 151 396 63 188 3 480 380 
316 58 128 371 294 130 9 368 490 283 417 123 328 401 95 472 
455 236 25 221 196 7 274 282 149 14 69 286 34 241 313 118 276 
262 35 41 337 126 302 140 373 266 195 491 386 241 19 439 304 274 42 
46 183 352 346 70 421 252 373 311 225 16 114 69 390 383 319 118 110 137 
232 160 266 405 346 22 67 161 358 414 31 418 38 156 358 22 258 133 444 382 
29 114 464 10 483 496 276 384 439 153 28 259 234 190 89 314 314 125 350 449 418 
362 185 181 427 46 376 157 376 3 152 460 291 15 428 121 319 206 387 485 335 487 227 
452 177 233 134 405 360 464 423 124 432 12 183 22 307 424 266 480 253 420 224 113 113 17 
72 62 351 13 432 435 348 456 220 192 36 437 286 381 463 147 307 252 187 185 431 390 49 456 
155 221 188 216 112 69 63 125 325 113 495 69 429 41 92 79 467 383 453 318 455 434 400 61 34 
363 201 467 219 3 450 96 32 239 363 491 196 468 103 34 266 458 71 456 464 44 153 309 111 296 450 
1 114 101 146 479 411 211 248 244 285 320 88 109 412 205 212 106 167 171 79 77 320 465 275 139 47 283 
399 462 409 253 165 500 416 173 489 196 435 390 381 103 138 422 37 138 300 29 464 147 379 406 114 246 399 45 
230 371 88 430 296 321 100 88 367 9 463 491 433 109 229 69 63 468 371 468 20 32 56 329 495 440 235 320 217 
136 206 88 277 11 321 238 114 19 305 214 183 407 448 182 50 362 301 108 384 148 183 443 126 39 295 30 120 416 343 
241 354 192 233 285 156 103 496 74 28 440 363 411 432 70 52 207 181 374 69 227 442 105 309 333 230 71 161 76 357 175 
119 326 215 2 29 327 75 455 19 419 483 343 311 119 149 370 113 404 433 258 342 10 222 1 311 449 268 59 75 319 340 262 
279 210 312 465 158 407 301 235 8 92 497 421 40 146 123 360 457 496 215 466 291 69 120 103 335 112 404 195 297 255 138 183 247 
417 7 182 23 66 475 479 354 145 4 369 243 100 30 498 42 288 494 305 158 340 12 79 39 17 67 469 170 356 335 36 211 164 38 
29
32 
158 17 
244 284 135 
188 392 391 217 
477 270 418 42 366 
96 215 74 145 49 150 
117 472 267 443 194 210 336 
131 194 216 221 146 80 163 280 
352 113 499 426 317 321 130 47 148 
170 203 159 11 133 200 461 76 467 367 
297 247 348 284 251 191 216 458 127 337 184 
357 265 357 240 327 91 252 327 219 25 299 427 
481 181 405 119 433 191 64 31 412 205 230 272 161 
21 224 369 218 247 396 174 102 382 143 79 7 158 433 
381 177 372 297 161 57 455 310 206 284 264 444 250 76 225 
274 436 181 114 500 145 30 72 472 490 487 275 53 198 4 8 
368 293 79 300 277 109 198 69 254 356 477 443 27 7 278 73 60 
478 132 346 368 397 113 79 320 263 204 301 185 214 64 44 352 245 63 
238 234 62 453 150 408 202 323 148 445 474 438 467 367 472 417 34 348 277 
32 24 397 467 57 386 58 138 137 247 21 307 311 425 10 212 68 67 236 244 
75 131 242 152 477 189 109 135 321 277 165 339 314 194 242 485 205 416 492 263 446 
241 484 468 404 424 44 332 269 87 107 18 277 236 46 229 422 439 478 415 248 14 405 
61 191 390 312 320 490 146 327 164 292 146 45 240 498 357 8 73 359 384 377 348 221 327 
109 396 265 323 303 228 298 67 97 223 431 63 123 45 362 459 183 370 10 241 359 451 457 175 
190 364 35 164 85 434 50 485 223 373 427 263 215 458 115 40 434 372 199 427 454 161 26 306 248 
315 360 63 479 381 224 475 438 108 452 479 124 304 5 220 336 500 114 79 119 45 478 171 38 24 302 
444 493 214 1 64 234 262 406 127 32 489 296 223 44 38 222 70 73 45 242 426 176 334 496 416 3 189 
372 201 495 20 172 10 209 221 285 354 493 384 493 270 143 321 117 281 351 185 369 237 45 439 273 26 499 255 
121 238 142 85 73 459 235 355 289 186 141 402 340 221 449 348 156 412 227 408 59 263 121 373 382 192 455 128 278 
8
49 
282 91 
49 428 335 
492 500 499 21 
78 320 90 69 187 
108 114 291 427 12 233 
109 46 347 26 111 352 142 
268 454 56 73 14 311 196 196 
34
177 
283 340 
140 471 42 
408 76 365 265 
358 89 187 483 319 
72 434 409 360 176 242 
231 208 479 451 184 111 62 
446 87 68 80 309 324 351 237 
237 486 105 174 88 396 65 52 131 
274 329 217 313 77 18 360 90 155 365 
409 328 14 352 42 252 413 281 233 413 364 
305 389 286 472 272 89 373 422 329 72 4 414 
37 64 99 194 190 198 216 53 74 270 405 286 75 
112 213 464 182 422 126 207 63 158 366 406 428 248 187 
304 476 313 285 283 440 347 256 259 470 98 128 356 231 41 
178 175 167 281 56 406 128 330 384 312 483 342 49 371 482 192 
228 374 195 116 279 147 290 181 348 182 472 96 345 256 360 122 347 
10 431 77 25 334 350 341 127 409 463 79 208 72 110 20 286 60 367 
363 473 100 190 492 147 405 183 496 11 66 72 90 376 163 364 33 481 157 
413 229 499 348 454 332 339 439 188 245 58 13 11 427 251 413 357 324 57 153 
335 79 174 157 380 340 52 166 167 43 243 362 57 315 312 178 52 385 132 103 3 
146 108 171 491 13 150 303 107 62 342 490 288 423 299 173 163 430 341 411 409 337 59 
161 462 366 189 366 125 341 118 57 111 384 16 196 279 259 21 21 119 50 225 107 34 393 
410 210 378 301 85 313 36 485 226 2 87 132 292 242 9 162 418 254 402 318 346 60 475 99 
185 95 226 431 204 318 310 145 466 29 461 155 190 61 482 4 15 182 448 109 51 64 281 79 342 
43 374 269 150 325 92 279 285 453 12 90 413 33 178 36 351 417 135 20 22 271 202 315 423 8 27 
470 304 389 468 176 50 375 352 208 16 497 92 493 281 104 216 126 82 393 428 108 169 106 65 203 386 155 
88 28 373 212 278 462 433 305 78 17 496 15 391 280 371 369 437 355 110 178 431 60 461 233 179 279 337 81 
451 41 402 464 57 245 74 287 110 450 187 495 251 474 327 14 28 289 409 417 142 399 127 54 489 71 307 55 211 
451 279 473 224 193 326 208 431 493 349 139 370 458 342 161 7 103 40 447 131 90 96 417 47 287 349 73 273 44 100 
477 4 442 346 482 357 328 74 401 340 303 66 139 95 149 462 77 6 92 333 401 423 43 218 48 488 301 143 349 296 366 
88 288 295 406 358 364 474 37 370 276 239 453 42 180 65 127 415 476 88 125 194 25 485 349 1 108 382 380 181 165 13 146 
443 296 398 449 128 480 166 273 266 396 96 22 428 384 139 266 337 289 86 486 226 293 349 20 366 483 267 323 212 161 406 91 129 
217 439 85 67 337 22 143 285 155 315 377 448 73 326 387 500 322 491 487 25 176 498 123 281 181 209 348 407 121 72 342 381 310 13 
36
19 
491 98 
24 421 83 
152 332 303 274 
446 408 72 361 355 
412 136 223 445 367 106 
440 155 206 291 134 282 170 
309 200 88 313 325 71 157 52 
216 417 243 202 124 396 470 165 244 
275 306 305 114 244 266 399 29 326 209 
105 371 467 14 244 343 407 452 331 256 472 
60 410 224 401 105 23 360 1 15 345 346 472 
224 275 467 217 64 300 470 368 251 396 223 205 345 
296 221 303 193 384 93 438 363 18 303 342 61 242 282 
228 453 17 60 364 197 268 500 145 488 401 77 142 229 305 
316 7 290 297 313 483 376 227 15 385 9 293 74 78 179 69 
407 25 471 112 151 194 306 89 32 25 398 427 97 272 208 91 81 
480 307 263 376 305 155 19 246 186 199 123 213 427 339 223 370 85 218 
43 183 315 38 386 136 420 397 129 288 334 214 346 395 363 117 104 319 299 
276 186 143 436 145 323 140 57 329 360 215 19 134 385 392 215 273 156 79 306 
242 336 160 43 105 262 193 33 163 333 420 105 322 355 146 479 390 381 199 138 33 
68 343 115 162 455 110 422 251 293 250 415 224 347 487 384 136 495 292 24 487 152 128 
5 497 494 285 27 391 111 342 101 132 443 165 313 263 469 341 195 368 346 140 440 301 391 
71 465 347 465 307 307 170 333 306 5 253 15 483 313 436 122 101 453 484 309 478 262 453 430 
389 76 104 372 233 404 214 484 369 425 246 416 462 3 127 467 4 363 243 114 325 320 84 64 99 
35 415 94 41 113 475 138 26 407 260 249 290 487 14 293 173 18 10 488 258 382 435 83 341 193 489 
483 265 473 116 329 374 379 144 294 410 230 374 110 27 345 490 471 218 257 415 406 347 294 37 457 230 462 
430 156 136 91 69 334 150 310 15 428 472 476 211 481 350 230 142 454 102 285 116 132 25 319 298 308 275 206 
469 3 402 150 35 399 383 235 250 91 249 121 334 286 270 280 457 68 328 416 266 469 461 389 97 62 492 220 459 
203 157 18 465 223 499 55 347 147 160 79 364 246 217 413 241 199 197 369 176 149 149 64 391 131 66 431 337 467 495 
461 197 454 277 389 221 19 348 72 430 173 116 152 175 475 395 195 448 357 395 408 354 161 280 362 396 337 435 472 140 425 
12 20 141 170 414 104 233 424 378 21 87 245 320 94 276 418 434 74 62 395 297 416 309 468 37 459 386 179 357 484 307 219 
493 191 390 346 118 84 481 410 324 266 51 54 118 85 441 35 382 354 228 47 59 367 15 151 97 406 281 500 144 34 436 40 382 
169 413 118 491 242 398 426 419 440 426 152 463 20 52 106 48 115 449 133 37 355 347 244 47 267 337 149 340 412 41 282 78 63 226 
112 378 173 331 14 142 37 99 460 3 280 435 215 75 105 126 250 106 413 486 216 324 159 417 345 441 436 401 40 393 343 140 97 360 375 
123 179 361 120 247 57 26 245 256 287 116 321 351 186 24 413 214 192 427 177 470 485 139 395 80 357 440 180 460 12 107 478 396 166 73 402 
26
477 
431 347 
199 492 270 
286 451 104 298 
38 461 374 373 385 
387 188 5 464 186 331 
478 7 26 319 144 228 53 
185 493 377 271 17 56 426 230 
7 213 281 295 432 227 146 237 163 
149 451 253 211 237 253 496 213 84 333 
298 434 355 345 119 322 46 232 311 303 115 
417 14 69 242 9 159 96 13 263 80 416 71 
196 420 490 430 292 116 319 481 171 287 202 323 295 
60 11 387 375 362 327 114 197 368 40 468 178 75 281 
346 278 73 451 312 231 344 103 139 246 368 177 285 164 269 
134 458 248 406 126 400 311 147 268 407 110 435 153 412 260 466 
201 255 227 188 410 439 12 468 57 101 159 499 351 229 345 254 183 
427 45 476 317 470 455 247 27 287 356 279 205 209 460 264 204 320 473 
98 95 144 243 444 146 496 326 321 485 388 473 192 1 9 86 221 58 56 
99 230 251 131 338 196 422 215 324 351 265 329 9 153 224 468 433 438 438 169 
61 182 79 131 263 76 323 354 51 368 107 383 295 131 245 453 6 478 198 115 158 
233 185 470 183 451 456 154 41 468 286 94 374 210 189 237 498 277 81 424 423 474 122 
94 464 423 224 438 38 9 471 296 22 198 459 427 103 99 442 427 116 43 302 155 406 338 
211 127 219 440 400 337 48 300 134 189 253 349 137 466 414 462 147 247 87 152 172 68 301 217 
344 326 332 70 365 354 12 244 181 111 112 61 320 219 412 223 22 41 178 47 351 224 296 64 104 
55 341 33 396 424 56 253 417 260 431 466 4 194 470 398 307 256 264 155 348 51 187 81 64 205 312 
18
443 
358 78 
486 152 112 
480 365 110 321 
146 31 124 448 428 
43 342 243 22 199 333 
315 220 283 149 105 443 152 
323 390 214 113 57 311 114 434 
258 163 204 426 150 441 269 3 415 
306 408 36 32 316 137 219 263 230 10 
197 206 493 498 459 63 219 244 346 12 298 
253 316 425 224 314 170 9 306 365 438 373 463 
126 322 49 95 183 306 289 197 476 104 160 111 214 
82 447 300 322 122 392 477 2 262 19 289 337 57 310 
18 164 71 34 398 418 13 66 10 236 433 263 439 213 409 
194 266 385 26 133 14 181 61 474 202 252 325 359 304 478 229 
102 34 268 230 42 291 216 148 150 306 67 350 282 116 366 251 225 
184 143 137 424 292 156 214 134 466 478 486 25 233 39 152 269 498 254 
27
337 
87 349 
28 134 392 
81 287 108 285 
398 488 344 339 226 
201 80 359 359 249 95 
333 149 20 80 447 262 362 
350 6 398 218 407 6 79 9 
161 434 298 471 6 381 245 266 380 
433 208 377 97 386 115 456 121 107 225 
347 6 234 42 64 446 178 136 295 480 123 
5 366 200 381 158 26 81 164 263 393 136 248 
350 460 323 446 458 21 177 240 145 71 402 107 64 
286 64 454 283 103 352 214 244 420 290 352 372 48 299 
391 93 6 325 73 296 381 306 154 198 357 439 84 319 56 
252 25 463 192 461 366 192 108 379 203 362 318 404 401 486 405 
45 38 282 213 11 85 401 237 478 18 115 307 34 67 153 102 200 
344 495 41 184 421 335 124 289 319 394 490 134 479 94 126 244 455 474 
150 245 234 11 465 219 35 31 328 23 28 420 454 442 313 460 178 330 409 
452 74 270 226 440 438 159 382 13 398 158 377 486 12 31 81 452 286 53 376 
252 200 217 425 36 351 38 124 55 90 282 276 183 50 322 435 197 282 79 421 366 
64 229 109 76 352 166 317 149 238 484 177 278 190 165 228 412 117 228 67 35 259 257 
375 171 17 33 122 292 123 175 426 419 178 471 265 90 145 18 456 82 151 353 383 11 383 
310 327 170 440 372 44 124 130 218 227 41 153 231 203 341 353 439 411 214 47 322 348 496 217 
14 5 234 344 294 373 453 235 149 488 476 244 42 323 362 34 210 54 13 220 40 372 436 144 238 
489 480 8 377 263 348 453 90 88 223 210 52 296 199 146 246 436 155 401 498 115 14 13 208 45 167 
428 129 446 298 87 381 484 137 59 355 181 192 8 292 328 467 287 359 259 313 371 228 103 106 276 204 236 
35
192 
389 216 
310 299 156 
371 378 103 443 
136 48 98 386 239 
51 400 273 382 303 12 
20 95 304 338 215 473 403 
275 432 47 229 434 213 19 256 
136 358 306 72 55 273 237 306 11 
125 184 450 14 460 291 378 110 97 95 
231 361 488 10 252 420 259 215 377 161 275 
237 475 264 148 472 125 284 110 131 92 112 195 
260 264 477 362 421 230 452 67 283 66 102 199 438 
26 270 239 317 138 126 179 444 275 253 124 220 491 438 
347 34 63 192 2 80 417 398 350 85 13 230 75 288 425 
385 99 85 65 185 349 408 76 396 474 335 266 301 123 62 64 
93 291 110 294 360 141 47 149 281 409 451 8 280 151 157 17 112 
72 43 44 74 326 432 19 425 404 457 282 390 122 295 336 448 71 86 
416 238 404 66 184 446 50 423 111 458 484 35 201 216 499 151 213 83 84 
102 332 414 336 211 493 422 415 98 422 276 302 72 420 171 143 188 119 240 211 
261 81 449 151 169 173 480 404 315 154 338 300 465 154 138 99 350 281 164 232 492 
45 332 285 282 119 32 133 361 449 179 16 133 351 103 6 131 58 194 378 421 104 393 
143 390 61 310 436 472 454 20 135 304 308 189 168 209 201 216 188 266 43 309 410 146 294 
158 339 370 307 215 274 446 258 222 295 144 398 382 279 170 122 87 438 87 284 67 45 202 409 
411 27 230 176 228 168 18 67 353 309 381 400 227 187 30 374 488 205 39 436 61 254 296 207 95 
292 64 447 437 419 75 412 405 138 458 124 80 480 459 353 464 279 157 109 353 414 221 62 56 146 264 
447 328 362 270 226 74 140 323 268 36 140 453 147 202 9 133 23 175 327 223 71 479 179 493 27 54 478 
135 83 364 88 38 159 163 486 120 147 79 464 21 255 480 365 288 440 235 292 427 229 303 183 48 4 207 288 
37 381 298 296 356 425 498 41 402 329 217 412 82 418 50 398 53 301 457 405 383 75 86 79 181 391 452 244 471 
133 174 461 402 371 108 319 236 435 400 52 439 176 163 156 135 486 35 96 331 185 78 268 28 434 109 74 451 188 460 
85 332 482 146 192 347 482 425 188 231 483 24 24 206 308 225 431 489 116 482 421 120 427 323 415 426 403 311 82 23 321 
257 103 107 286 486 456 493 201 8 491 356 243 69 407 226 10 478 196 54 364 67 201 236 92 130 442 124 443 60 221 191 256 
115 41 272 159 102 172 47 48 394 383 313 180 471 172 79 145 207 324 224 146 367 76 305 50 13 480 392 366 489 16 307 155 228 
431 455 183 330 178 209 291 99 20 24 174 111 298 241 297 304 179 81 57 141 473 41 143 112 194 256 303 452 231 38 182 78 31 212 
359 82 49 408 451 227 463 123 452 287 419 94 266 40 12 118 103 385 314 108 355 53 7 437 300 134 446 204 83 429 75 238 70 103 345 
7
251 
417 20 
480 243 65 
190 67 209 236 
479 91 358 311 470 
225 216 314 152 480 443 
116 198 314 440 363 475 375 
38
339 
242 487 
99 50 118 
16 47 159 359 
110 317 484 473 472 
395 355 9 404 100 455 
413 387 325 381 117 143 12 
409 132 413 421 16 492 191 72 
401 433 147 480 31 265 86 254 27 
130 393 457 277 47 330 478 113 92 107 
190 289 172 143 291 126 37 34 112 117 383 
192 277 91 230 85 34 93 446 456 392 254 133 
38 378 274 440 54 219 404 72 372 389 44 500 359 
434 208 255 264 343 478 99 129 74 188 105 202 352 379 
149 335 228 380 11 26 152 328 120 449 406 44 475 89 159 
367 263 374 376 360 229 236 22 143 8 318 211 103 257 413 35 
98 326 224 265 358 79 99 16 1 419 86 435 468 461 276 37 364 
383 453 385 186 468 410 124 69 330 16 281 201 203 368 51 419 73 486 
136 420 174 440 458 476 317 297 98 485 151 244 388 369 494 175 298 353 224 
390 294 498 493 54 295 86 310 302 324 4 306 477 259 494 123 392 305 305 398 
479 35 463 413 256 107 453 38 61 281 262 28 172 116 132 73 500 301 214 203 218 
42 439 125 482 372 219 211 428 83 133 27 19 119 309 282 254 192 371 465 486 100 152 
337 316 178 226 310 487 215 128 301 254 176 231 414 112 278 260 345 9 202 486 10 378 317 
284 394 156 405 394 189 142 499 160 474 13 271 428 117 266 210 464 249 292 427 317 93 87 118 
292 402 433 219 402 316 235 434 195 163 255 124 91 184 86 176 406 275 117 385 286 456 230 169 452 
239 61 435 107 142 352 119 324 478 437 222 447 165 438 181 448 146 259 257 275 152 329 441 86 313 378 
478 160 216 326 16 250 406 369 416 314 333 459 197 248 463 393 190 395 249 20 274 452 21 184 358 47 16 
372 361 299 336 94 403 343 65 307 56 398 418 228 453 79 179 138 320 168 384 141 488 385 161 125 453 154 116 
214 305 226 35 130 241 382 251 403 291 342 132 300 276 162 396 118 123 373 346 256 440 459 167 128 68 146 151 187 
250 360 114 481 179 416 371 99 224 214 179 346 460 224 223 453 368 480 432 287 478 60 383 426 302 422 452 480 214 444 
452 380 106 95 236 481 52 45 443 360 298 88 47 484 132 51 132 143 269 500 477 339 158 84 262 390 374 88 153 224 350 
301 429 328 196 110 198 58 432 73 243 484 279 404 52 67 456 202 161 273 61 388 479 173 159 349 288 124 246 290 455 263 127 
227 288 454 257 47 182 467 366 84 54 320 119 277 14 311 248 126 351 380 346 450 499 287 488 248 155 74 160 180 448 174 42 100 
219 326 359 327 3 474 440 419 70 327 159 68 243 2 399 277 75 271 472 42 369 239 14 415 100 251 495 361 172 434 367 75 104 429 
56 149 67 153 4 204 210 197 18 377 458 415 439 37 271 174 285 53 220 95 165 136 236 188 351 66 382 97 18 304 237 226 103 387 34 
46 282 97 190 27 357 404 73 38 14 373 113 330 307 199 281 453 117 86 177 255 21 351 75 264 90 104 36 245 165 322 485 311 452 217 54 
420 387 388 152 18 233 368 456 34 401 364 371 418 369 113 101 392 67 483 390 255 277 401 99 419 189 409 368 85 132 348 490 89 104 5 76 185 
111 352 367 219 36 287 463 66 182 61 406 406 95 148 220 254 97 305 197 295 23 481 422 488 464 279 258 293 216 233 249 165 250 205 296 300 486 205 
28
385 
492 131 
254 77 69 
99 252 389 271 
43 237 486 499 198 
67 128 261 348 422 220 
51 94 322 375 208 41 221 
97 369 42 467 11 279 281 299 
465 80 323 459 203 202 171 193 359 
498 315 28 313 18 453 378 263 346 300 
72 496 146 394 280 283 193 89 55 12 119 
321 119 415 56 306 372 326 196 97 304 207 91 
113 217 110 258 440 186 141 328 389 66 482 332 358 
484 493 308 259 1 187 243 298 108 375 177 352 360 289 
191 301 45 249 222 84 205 209 404 75 402 439 366 155 264 
398 5 203 117 172 348 451 465 234 284 112 148 264 323 422 191 
431 140 91 170 281 299 39 309 421 97 42 418 324 282 214 244 192 
111 72 410 487 356 162 362 423 414 135 482 46 491 304 40 105 475 464 
178 400 27 71 352 61 485 403 395 329 274 476 203 255 348 261 417 254 313 
300 104 92 77 403 101 202 332 166 435 280 347 351 489 313 261 376 303 194 91 
215 403 32 326 494 452 149 257 203 197 362 93 333 52 199 320 429 311 15 107 439 
109 274 53 232 103 45 50 301 477 161 365 95 311 32 116 131 172 481 161 296 54 91 
118 368 482 437 73 155 35 205 334 28 322 452 301 319 424 207 344 35 431 488 81 85 83 
14 298 33 170 302 330 210 440 171 160 342 393 79 146 259 417 469 375 313 241 102 55 104 200 
183 137 426 364 104 36 131 116 8 171 89 395 290 234 435 315 60 57 342 57 351 260 36 53 215 
377 13 462 420 351 203 442 122 196 201 45 361 262 144 340 34 79 243 306 367 490 109 155 450 411 357 
260 313 238 374 14 21 61 405 475 274 280 81 112 283 446 357 469 451 346 84 68 391 355 278 93 446 194 
179 436 120 33 491 403 411 58 186 118 481 202 249 353 71 172 292 170 250 205 58 189 22 53 340 493 91 390 
23
4 
259 494 
42 6 310 
171 159 72 488 
494 290 224 411 212 
456 14 429 9 54 410 
316 243 387 209 353 399 302 
481 483 88 62 484 122 185 80 
81 265 438 14 71 348 251 39 484 
54 215 195 402 422 123 422 149 97 464 
429 216 326 344 4 142 462 318 430 457 327 
268 119 297 240 65 272 359 206 153 486 418 102 
480 9 416 232 368 56 7 488 110 143 122 391 236 
5 366 285 74 424 170 22 323 481 50 463 272 401 97 
132 351 474 234 60 326 431 241 353 186 301 76 169 311 219 
348 450 146 25 347 59 54 483 91 459 438 56 284 315 148 44 
217 116 6 239 348 367 261 425 357 274 263 179 448 409 250 274 450 
173 148 144 71 336 438 232 365 454 401 227 436 148 399 101 137 451 242 
193 424 368 129 395 42 368 84 468 183 47 216 283 159 473 404 486 200 441 
284 311 412 138 463 255 140 416 359 158 456 14 407 345 171 2 191 452 439 117 
380 442 210 279 219 248 8 495 202 28 161 397 382 340 199 185 313 374 449 25 84 
9 388 131 17 457 211 229 122 433 430 42 398 91 499 46 401 398 12 173 176 128 421 
444 59 434 103 229 451 49 291 23 480 390 277 43 207 311 157 30 370 117 139 218 37 446 
3
147 
118 397 
496 24 476 
12
58 
79 4 
261 179 248 
440 129 311 137 
329 307 212 482 463 
442 313 228 416 69 343 
199 326 196 463 55 200 48 
67 19 123 255 163 74 252 187 
396 208 214 173 99 311 258 150 353 
123 55 74 375 60 423 365 402 8 157 
211 497 229 437 244 50 24 493 149 419 148 
219 418 461 154 103 481 196 194 240 31 127 344 
27
439 
264 452 
127 88 367 
56 309 393 194 
225 448 328 196 262 
70 314 372 361 457 39 
55 122 460 477 131 13 246 
56 118 440 285 401 246 51 396 
328 238 285 496 96 3 120 429 429 
22 365 97 350 397 473 158 489 85 488 
61 165 450 369 128 339 399 114 383 449 454 
303 211 474 9 461 172 322 250 337 125 151 163 
44 404 446 478 321 179 429 364 148 469 274 71 393 
250 340 182 376 6 193 137 496 259 489 409 58 242 78 
429 201 427 361 60 380 13 449 131 365 219 367 32 37 54 
378 116 49 457 185 118 108 202 499 301 303 324 411 280 102 418 
116 362 371 463 176 161 458 168 478 132 140 151 150 140 169 18 475 
299 282 235 327 440 235 371 210 243 67 363 76 254 382 471 289 475 80 
498 112 305 96 131 347 393 142 78 39 280 267 310 456 418 211 15 85 115 
118 92 210 172 120 243 454 170 90 50 219 258 231 22 45 72 191 196 392 254 
59 340 122 41 66 25 461 495 381 62 397 68 355 371 435 214 119 116 459 233 318 
71 264 321 356 422 190 107 59 212 443 51 49 25 126 431 124 429 466 209 91 202 156 
154 451 98 197 23 19 46 208 214 290 46 267 247 196 419 427 130 108 411 157 212 41 1 
393 353 119 396 452 431 61 358 326 406 294 342 445 205 17 178 248 194 297 319 364 295 262 487 
18 292 498 237 447 389 97 253 88 439 280 159 213 439 288 154 254 179 403 242 110 206 444 307 116 
201 169 145 435 395 138 168 141 297 17 45 64 246 216 68 385 82 415 10 495 456 307 27 1 218 32 
436 40 477 256 49 484 386 201 125 196 234 81 85 384 51 480 337 196 99 155 107 472 26 228 344 413 230 
19
115 
394 383 
88 198 243 
225 90 449 371 
249 156 443 347 496 
427 55 317 67 73 119 
287 360 277 4 41 362 283 
423 311 108 435 56 418 69 170 
449 287 272 465 294 62 47 399 495 
305 436 466 276 42 84 338 64 149 425 
262 5 355 179 232 193 57 460 243 202 457 
276 320 384 124 221 186 20 324 451 19 473 45 
420 225 39 395 203 429 127 390 127 219 38 219 316 
79 183 455 429 152 444 279 145 116 117 127 295 464 63 
335 98 362 448 475 183 349 320 274 263 152 406 375 424 99 
317 25 330 247 493 470 15 494 374 191 436 271 202 138 400 220 
468 17 276 45 61 271 57 276 300 65 65 460 291 463 105 387 488 
220 44 386 318 248 102 363 28 362 256 201 416 91 415 421 330 270 408 
372 300 93 478 469 214 432 152 257 379 318 190 182 50 133 91 310 203 459 
10
265 
486 35 
45 90 11 
137 348 43 441 
171 179 43 33 413 
46 269 378 485 234 387 
233 256 324 393 119 124 463 
480 364 298 235 52 445 39 237 
46 239 288 259 403 289 172 452 106 
355 224 333 407 192 478 51 350 311 13 
1
43 
12
204 
311 485 
349 381 117 
223 144 6 113 
229 243 444 336 240 
387 253 480 104 3 264 
131 260 281 403 156 178 91 
89 115 448 292 374 259 355 86 
364 384 58 232 384 327 203 368 446 
447 6 474 277 258 323 65 407 244 195 
296 429 228 114 314 329 416 305 215 369 20 
407 230 320 348 258 315 344 247 127 94 88 47 
18
383 
321 262 
373 293 192 
184 396 61 296 
244 196 16 315 325 
53 194 443 262 265 178 
59 397 230 7 298 440 287 
129 312 362 63 184 185 446 324 
455 351 299 228 141 492 344 319 393 
209 139 448 415 145 76 169 46 383 459 
218 211 164 195 421 276 185 419 42 55 376 
112 134 158 77 121 74 339 68 199 78 332 398 
37 3 168 498 70 319 406 275 22 339 52 212 120 
411 481 283 211 374 311 483 88 316 195 148 71 387 67 
385 118 394 146 34 90 246 45 400 133 94 138 207 463 105 
137 190 93 155 126 142 448 348 329 333 391 163 174 194 103 190 
257 459 428 352 231 201 336 347 420 188 397 404 241 467 280 2 166 
272 189 26 104 126 463 275 356 263 480 345 207 105 158 440 86 329 113 
38
443 
244 289 
313 75 45 
353 483 172 371 
290 472 283 176 34 
368 474 164 92 343 488 
193 212 230 441 439 236 211 
389 124 399 45 274 97 415 329 
461 133 226 101 119 260 485 419 69 
67 220 237 262 83 91 341 425 310 327 
128 205 231 498 430 446 107 287 33 299 170 
297 109 275 385 255 324 118 80 34 46 459 12 
80 373 398 186 260 484 187 248 484 486 144 186 82 
366 402 219 88 482 463 78 170 317 48 32 125 285 404 
349 3 265 381 200 322 468 211 467 136 337 371 144 335 76 
91 38 137 497 256 488 299 323 134 485 380 427 340 336 155 212 
254 402 337 113 59 179 69 166 5 58 93 151 345 165 349 133 281 
125 292 279 344 102 191 454 256 335 326 310 303 38 286 217 468 79 93 
313 14 280 429 303 443 337 464 242 467 237 170 187 412 53 221 111 278 444 
33 230 420 209 428 159 289 337 437 332 470 385 221 498 213 364 3 138 7 93 
269 491 323 225 265 284 201 356 50 241 43 86 416 102 275 401 210 8 127 130 253 
265 183 486 487 203 104 78 215 124 215 27 369 81 420 232 335 150 168 301 477 98 86 
154 438 4 113 37 87 257 460 65 166 200 153 156 1 484 188 460 12 110 332 286 118 141 
442 431 227 167 361 500 16 321 215 30 463 206 90 404 145 144 293 73 46 21 382 29 265 70 
192 288 55 486 169 346 298 162 374 430 97 68 268 194 45 406 362 255 164 37 478 470 23 436 337 
407 88 23 199 67 121 168 212 394 439 217 428 331 395 40 250 220 3 301 328 165 350 254 76 4 177 
149 400 179 257 114 380 411 362 52 412 425 403 311 32 3 113 219 487 473 71 44 137 90 438 122 246 371 
325 257 344 462 437 290 341 463 63 52 14 444 313 326 44 436 362 354 445 99 68 212 495 364 68 329 4 396 
185 87 162 87 240 341 239 165 128 276 45 351 37 190 103 191 20 342 272 350 177 329 490 214 281 128 388 237 48 
400 173 333 410 139 251 381 186 484 151 200 219 3 96 233 483 483 96 416 99 20 440 137 402 433 475 131 428 435 114 
462 181 192 115 218 413 44 59 161 139 142 146 140 222 383 17 175 178 327 260 454 487 312 312 187 332 69 285 495 143 277 
400 245 317 46 450 471 259 265 236 491 42 370 143 345 56 151 426 84 92 27 356 266 248 114 164 134 483 346 79 349 61 381 
355 257 202 280 46 459 251 281 91 167 465 68 35 426 10 157 441 184 110 406 46 112 357 194 371 77 214 51 97 491 92 413 187 
170 74 441 404 139 206 409 116 490 75 341 429 380 359 223 243 387 168 112 488 435 123 312 466 308 163 100 131 418 340 407 180 261 360 
326 199 167 364 114 82 479 428 200 9 63 324 31 407 466 310 362 418 76 341 116 153 320 9 114 454 229 206 320 253 20 304 193 112 46 
244 358 287 434 448 442 247 262 480 351 422 235 188 23 450 191 68 230 200 491 456 1 489 14 414 121 131 101 333 390 425 101 86 6 229 199 
198 386 120 186 212 408 133 132 219 196 438 259 275 209 362 359 12 483 308 462 251 272 335 395 73 476 132 484 347 374 313 10 200 156 211 455 175 
374 474 96 441 280 93 429 347 191 409 378 445 138 336 444 158 2 446 318 247 259 236 414 427 162 482 455 1 105 8 84 450 285 25 107 367 336 463 
5
292 
370 379 
158 427 298 
135 473 138 463 
279 322 299 316 154 
16
45 
241 118 
315 33 52 
47 26 297 37 
208 381 110 486 121 
386 144 359 220 94 58 
150 183 385 279 231 36 91 
389 2 405 465 202 289 15 12 
168 486 269 185 99 302 405 494 272 
117 110 437 238 486 330 11 318 186 448 
244 283 29 319 301 49 77 161 270 397 401 
442 96 22 78 73 340 80 24 269 95 179 147 
106 169 272 7 411 371 11 235 340 325 3 223 70 
45 491 62 30 31 471 424 19 34 404 140 271 28 393 
242 452 430 385 324 78 207 490 226 445 88 137 324 273 172 
450 160 421 114 447 429 253 332 351 256 265 446 248 29 464 293 
30
90 
334 465 
192 280 268 
147 49 175 474 
492 200 237 495 475 
53 191 222 356 309 25 
225 240 90 167 142 77 15 
208 439 430 70 262 306 15 218 
48 478 173 29 90 242 221 92 91 
232 272 339 194 35 39 449 110 490 108 
139 190 88 277 17 78 52 328 25 16 369 
64 73 360 464 192 337 411 411 298 470 434 302 
188 310 207 341 139 431 236 208 455 27 329 20 324 
150 314 95 130 340 454 431 157 119 294 336 25 242 21 
267 39 56 252 340 474 346 299 172 80 15 56 92 391 13 
144 473 188 466 360 421 441 171 117 456 172 62 8 288 95 387 
14 371 453 31 139 294 247 264 474 116 363 293 454 113 241 294 291 
37 403 150 45 73 225 485 213 392 123 165 218 203 395 473 340 343 162 
403 435 77 35 383 304 476 418 321 456 143 40 262 158 358 416 424 384 471 
78 335 170 370 72 323 263 298 305 199 44 27 272 261 435 496 257 204 477 469 
79 495 380 51 218 328 85 125 4 69 326 140 103 356 220 299 5 110 315 168 409 
242 475 150 162 7 135 495 370 55 49 223 13 348 198 80 360 472 384 122 173 426 182 
302 457 57 247 79 389 241 39 233 498 457 187 177 168 386 484 6 202 495 224 406 12 106 
45 298 349 299 314 257 457 449 72 171 495 145 426 358 448 16 374 53 312 25 365 340 342 287 
373 370 44 264 429 122 473 322 341 69 278 225 489 369 418 256 97 47 498 221 223 355 447 202 125 
356 193 5 341 455 4 16 435 386 177 380 274 322 150 301 459 390 475 173 323 67 86 365 445 257 34 
360 380 135 196 21 191 159 299 446 279 438 467 83 373 394 20 456 297 339 333 21 150 64 159 180 345 175 
340 138 374 372 215 487 179 242 153 332 472 117 207 199 310 252 161 94 119 119 459 254 308 137 416 83 227 75 
331 489 88 173 60 317 66 99 332 66 18 136 385 35 197 323 256 85 336 242 420 439 98 484 32 194 309 276 157 
56 93 412 491 445 74 44 487 100 157 399 125 80 230 493 220 42 457 312 35 172 368 452 271 308 129 377 411 275 217 
27
87 
158 177 
86 147 355 
4 118 267 161 
66 94 360 145 71 
396 118 445 261 388 320 
347 149 442 350 391 497 111 
245 98 56 211 439 387 85 289 
134 432 386 73 70 138 105 231 363 
210 69 210 19 440 108 103 38 154 116 
35 401 371 137 104 286 214 462 193 287 473 
236 469 188 239 160 365 251 378 119 206 263 107 
36 231 436 335 379 293 450 34 374 100 208 427 65 
82 422 376 499 310 168 286 371 375 479 13 213 192 329 
460 219 232 263 43 8 315 443 150 132 179 444 363 177 225 
320 249 146 196 456 448 135 305 487 120 296 482 93 397 447 73 
447 158 349 16 152 467 405 453 270 261 242 20 307 452 470 38 184 
156 175 143 349 288 253 36 119 81 203 18 374 292 432 307 366 31 334 
290 202 386 491 11 416 156 322 41 60 350 133 87 4 475 193 374 389 79 
139 40 12 148 119 96 476 138 214 107 295 75 366 87 96 340 161 55 33 144 
330 148 355 452 134 495 340 384 407 41 323 171 15 445 442 332 284 235 108 86 407 
304 271 321 419 177 455 127 73 369 393 447 54 127 399 63 189 327 224 146 161 388 92 
104 23 15 269 487 111 123 197 220 292 292 469 27 76 466 147 152 281 339 489 126 285 34 
153 210 233 299 188 169 348 488 259 111 173 462 366 420 71 492 157 369 446 73 284 348 394 378 
119 362 110 475 347 125 127 395 121 22 440 479 288 165 124 404 433 360 446 421 44 295 464 83 93 
205 327 252 491 384 251 195 96 291 256 227 185 440 321 136 342 98 360 482 357 366 159 312 202 242 91 
197 470 227 207 499 49 343 408 189 307 43 251 123 34 247 99 444 182 232 182 100 277 203 3 434 194 104 
39
345 
1 122 
134 190 382 
202 259 468 360 
471 33 388 345 217 
20 129 32 47 419 173 
390 35 446 427 221 488 443 
89 79 299 344 94 56 55 7 
15 319 259 333 198 27 442 97 404 
378 354 401 454 27 450 300 429 357 383 
454 310 284 94 314 484 244 87 321 191 192 
61 52 126 122 130 72 230 18 484 350 283 124 
358 51 13 418 449 198 95 495 170 182 488 188 393 
326 170 441 44 230 84 472 314 352 213 301 407 457 383 
500 228 251 363 13 257 472 22 183 292 105 368 313 469 444 
217 137 144 432 441 231 270 348 206 210 431 415 77 358 362 255 
110 118 451 119 116 108 107 128 145 328 26 60 112 186 17 414 238 
100 147 204 251 236 125 438 280 407 139 500 462 287 187 234 477 175 36 
232 412 9 32 481 178 389 407 77 375 233 68 68 417 61 103 314 57 378 
493 200 466 218 195 69 151 478 442 219 318 180 208 464 341 385 224 398 110 343 
108 390 296 460 136 185 24 44 432 177 166 204 418 367 52 276 58 228 314 150 127 
109 212 481 375 364 88 454 283 396 104 486 213 349 196 239 407 317 251 400 245 347 208 
142 492 343 39 17 38 118 417 424 462 244 228 430 443 144 65 162 406 477 325 470 273 164 
239 36 491 273 456 18 19 67 297 500 264 138 454 300 247 240 320 394 31 233 293 378 103 248 
68 207 3 41 72 250 5 40 37 268 119 384 53 441 177 188 138 182 228 171 62 426 318 104 33 
337 42 32 83 202 425 116 17 211 395 134 405 359 80 445 330 284 454 11 277 226 375 436 471 5 9 
127 25 167 18 91 123 106 99 320 394 157 469 8 215 237 267 391 248 456 338 127 493 415 66 89 81 485 
347 381 284 339 420 420 37 378 52 37 481 208 295 241 363 264 84 152 343 98 249 105 17 42 169 294 143 12 
110 230 432 185 34 232 40 134 447 301 69 72 292 5 224 99 108 439 96 227 446 100 357 276 66 486 229 133 158 
482 400 165 274 143 178 232 311 165 228 133 291 303 478 181 249 109 276 435 71 311 172 234 330 427 344 261 363 454 335 
337 84 382 99 434 413 67 151 95 20 136 52 8 217 101 490 40 240 456 368 92 56 349 172 180 496 123 66 127 238 16 
132 61 205 120 334 117 41 235 319 489 489 217 56 156 247 500 343 138 64 201 465 499 12 384 426 329 397 22 413 104 61 176 
414 158 249 226 419 156 25 178 399 476 95 80 96 439 87 247 41 47 249 118 344 290 25 464 285 11 293 397 54 499 6 495 187 
255 409 418 395 245 29 80 274 181 441 245 187 451 383 210 42 82 256 469 58 315 153 145 213 24 339 277 384 312 3 12 118 81 264 
478 10 142 109 14 137 47 220 123 350 182 217 386 184 220 337 219 366 73 146 268 103 457 400 416 129 396 106 379 364 68 183 35 32 90 
161 479 63 175 300 440 89 490 79 174 158 316 171 325 271 356 465 317 213 157 311 319 395 465 97 97 176 95 298 38 100 325 25 420 236 357 
308 334 460 46 23 283 317 120 435 173 432 156 135 3 174 297 425 390 267 457 190 126 138 219 140 197 443 56 181 44 384 320 276 251 14 415 356 
252 423 85 72 200 110 146 234 434 327 317 421 448 465 475 27 192 370 392 169 408 97 129 9 379 271 133 21 101 204 467 265 493 102 486 331 154 209 
108 384 99 214 52 472 119 393 286 275 69 233 166 259 49 434 214 233 226 162 96 11 269 310 387 324 119 214 433 300 350 300 56 216 453 270 483 46 286 
18
377 
249 101 
386 332 363 
247 397 17 393 
288 320 328 301 39 
252 292 328 377 129 83 
430 150 65 185 429 452 455 
222 209 272 477 321 375 459 33 
398 115 178 139 280 389 370 298 86 
16 419 446 13 220 468 401 348 429 93 
302 423 97 357 433 176 112 183 426 91 436 
335 62 114 231 41 68 194 201 231 110 54 135 
73 451 330 94 487 13 67 218 366 100 318 107 71 
313 306 17 225 441 220 76 66 182 102 246 414 408 300 
201 472 386 139 439 169 348 71 441 27 26 1 492 395 446 
166 278 143 102 331 480 343 426 95 499 303 268 418 89 223 391 
68 158 20 458 246 463 371 257 12 201 70 470 61 500 298 182 276 
48 80 209 313 266 74 428 171 248 247 117 164 495 193 296 444 314 499 
20
367 
388 450 
142 202 342 
491 471 456 130 
416 42 230 8 399 
284 422 403 116 48 3 
413 1 35 106 337 136 252 
182 198 350 38 333 217 396 258 
120 328 283 117 406 97 73 7 382 
422 394 409 418 90 390 86 200 37 469 
360 416 386 341 31 112 338 328 487 445 315 
287 127 317 451 16 314 199 374 241 129 139 485 
408 251 451 136 84 202 307 12 376 403 123 287 66 
421 209 99 17 91 314 457 373 463 359 479 258 400 298 
140 36 368 445 231 346 175 482 448 57 463 201 198 49 121 
471 168 487 278 317 383 294 471 473 220 300 375 165 296 272 470 
107 327 298 407 148 119 463 456 158 462 331 350 100 187 345 324 236 
256 286 469 445 276 194 278 458 236 13 462 176 414 342 20 64 153 467 
183 5 105 184 426 441 164 169 111 74 371 59 354 25 451 498 479 163 456 
46 64 305 156 100 146 10 385 161 367 311 331 394 280 330 269 143 189 136 95 
